function [d1,d2,d3,d4,d5,d6,d7,d13,d14,d15,d16,d17,d18,d19,d20,d21,d22,d23,d24,d25,d26,d27,d28,d29,d30,d31,d32,d33,d34,d35,d36,d37,d38,d39,d40,d41,d42]=assemble_constants(h,k,I,g,Tref)
    d1=-k/(0.385*2*(h^2));
    d2=-k*885000*(1-0.364)/0.385; 
    d3=-k/(0.724*2*(h^2));
    d4=-k/(0.485*2*(h^2));
    d5=-k*723600*(1-0.364)/0.485;
    d6=3*k/(2e-6);
    d7=3*k/(2e-6);
    d13=-(h^2)*885000*96485/59; 
    d14=-(h^2)*723600*96485/48.24; 
    d15=1/(885000*96485*2*(h^2));
    d16=-2*(1-0.364)*8.314472/(885000*(96485^2)*4*(h^2));
    d17=-(1-0.364)*8.314472/96485;
    d18=1/(723600*96485*2*(h^2));
    d19=-2*(1-0.364)*8.314472/(723600*(96485^2)*4*(h^2));
    d20=-k*237/(2700*897*(h^2));
    d21=-k*(I^2)/(2700*897*(3.55e7));
    d22=237/h+g/2;
    d23=g/2-237/h;
    d24=-g*Tref;
    d25=-2.1*k/(2500*700*(h^2));
    d26=-59*k/(2500*700*4*(h^2));
    d27=-k/(2500*700*4*(h^2));
    d28=-2*(1-0.364)*8.314472*k/(2500*700*96485*4*(h^2));
    d29=-885000*96485*k/(2500*700);
    d30=-0.16*k/(1100*700*(h^2));
    d31=-k/(1100*700*4*(h^2));
    d32=-2*(1-0.364)*8.314472*k/(1100*700*96485*4*(h^2));
    d33=-1.7*k/(2500*700*(h^2));
    d34=-48.24*k/(2500*700*4*(h^2));
    d35=-k/(2500*700*4*(h^2));
    d36=-k*2*(1-0.364)*8.314472/(2500*700*96485*4*(h^2));
    d37=-96485*723600*k/(2500*700);
    d38=-401*k/(8940*385*(h^2));
    d39=-k*(I^2)/(8940*385*(5.96e7));
    d40=401/h-g/2;
    d41=-(401/h+g/2);
    d42=g*Tref;
end